1495736135
1610673747
1560699232
1568870492
1501645650
1601403341
1532813646
1517021342
1568060895
1506304826
1619049637
1523738401
1612272067
1533365814
1612443456
1551005784
1556441286
1593767400
1498329712
1559434888
1597181597
1531674259
1524338654
1566287707
1617982023
1619164875
1545898827
1586118551
1591919887
1507745396
1593462324
1569239515
1595719703
1509276618
1584212681
1597715499
1511271167
1574512731
1563577941
1549678224
1581288542
1500961013
1540853254
1521302557
1603453441
1615817378
1516975266
1593530638
1535585903
1553888462
